  1.0000000e+000  2.7795156e+000  2.3477006e+000  1.0069219e+000  2.1163476e+000  4.0943377e+000  2.5860835e+000  1.2810330e+000  4.2065088e+000  3.4810036e+000  3.4472015e+000
  2.0000000e+000  3.1132375e+000  3.1325554e+000  1.4549105e+000  4.2820232e+000  4.4306386e+000  3.3873093e+000  1.6796490e+000  2.4932291e+000  4.0004259e+000  2.7344056e+000
  2.0000000e+000  3.3398395e+000  4.3192929e+000  5.1922774e+000  3.4656372e+000  2.7273143e+000  3.7422202e+000  3.1761099e+000  3.3746938e+000  3.6601497e+000  4.4228490e+000
  2.0000000e+000  5.3407034e+000  3.3038146e+000  4.0117102e+000  2.4207916e+000  3.2437058e+000  1.9946844e+000  4.3944521e+000  2.1574462e+000  4.6410443e+000  2.9106622e+000
  2.0000000e+000  3.1386939e+000  1.0169119e+000  2.1993490e+000  3.1818163e+000  3.8013713e+000  1.5026091e+000  4.3843222e+000  3.6313947e+000  2.6848710e+000  4.6544734e+000
  2.0000000e+000  3.3275445e+000  3.3156044e+000  3.5812908e+000  3.1858750e+000  3.2007083e+000  2.2798404e+000  1.3060792e+000  1.2713997e+000  3.6922705e+000  2.4815802e+000
  2.0000000e+000  2.8854782e+000  4.1297534e+000  4.8016547e+000  4.3497289e+000  2.8410394e+000  2.5785390e+000  2.6281180e+000  2.2457012e+000  1.9655190e+000  5.1840755e+000
  2.0000000e+000  4.2843919e+000  3.8969261e-001  1.6602826e+000  5.7296296e+000  2.3558422e+000  3.4155529e+000  3.6169621e+000  3.2464012e+000  1.9315751e+000  2.4563636e+000
  1.0000000e+000  4.1588011e+000  3.0299436e+000  2.0318594e+000  4.1170968e+000  1.7695696e+000  2.5001173e+000  3.0526823e+000  3.4394299e+000  3.9780003e+000  3.9100750e+000
  2.0000000e+000  2.3014902e+000  3.0725953e+000  1.8227186e+000  3.2725365e+000  1.1796813e+000  2.5598352e+000  4.7336048e+000  3.4972764e+000  1.9191789e+000  4.1590691e+000
  2.0000000e+000  3.5504274e+000  2.2276151e+000  2.0609168e+000  4.0733371e+000  3.0241152e+000  3.2440543e+000  4.2853968e+000  3.2025093e+000  2.6881649e+000  3.8257025e+000
  2.0000000e+000  5.2560655e-001  5.0476862e+000  2.3281388e+000  2.8319015e+000  5.5788466e+000  2.0912678e+000  1.4749701e+000  1.8082679e+000  3.9809915e+000  2.7718836e+000
  2.0000000e+000  9.1726664e-001  2.3809085e+000  4.0763092e+000  3.3225274e+000  1.5467743e+000  4.2792263e+000  2.5580250e+000  2.6810996e+000  2.7335470e+000  2.9203728e+000
  2.0000000e+000  3.5682623e+000  3.3529355e-001  1.3746567e+000  2.4411443e+000  1.3234548e+000  4.5926865e+000  3.4182799e+000  2.3283578e+000  3.6663523e+000  3.8215100e+000
  2.0000000e+000  2.8685657e+000  3.0893196e+000  3.1841626e+000  2.6218133e+000  3.4686231e+000  3.8110636e+000  3.6798483e+000  3.4391355e+000  3.8768684e+000  1.2369958e+000
  2.0000000e+000  4.5129298e+000  2.2918319e+000  2.1839833e+000  3.1603526e+000  3.8062580e+000  3.3450987e+000  3.3862279e+000  2.8625502e+000  1.0704722e+000  2.7136519e+000
  2.0000000e+000  3.4024877e+000  2.6768067e+000  3.1839223e+000  1.8408244e+000  3.8423601e+000  4.5274736e+000  5.1731362e+000  3.5888469e+000  2.6860882e+000  2.9919746e+000
  2.0000000e+000  2.7642559e+000  2.3078222e+000  3.5733786e+000  3.8591138e+000  2.2217497e+000  4.8349184e+000  4.4289431e+000  2.7043283e+000  3.2005938e+000  2.6642052e+000
  2.0000000e+000  3.5917445e+000  3.2327527e+000  3.2925088e+000  1.3806796e+000  1.4842709e+000  4.1793796e+000  3.6109479e+000  2.2882049e+000  2.8434666e+000  2.0148843e+000
  2.0000000e+000  1.2450909e+000  3.9444898e+000  2.1680882e+000  3.8754059e+000  2.9460945e+000  1.0317087e+000  3.5678046e+000  2.3047700e+000  3.4300864e+000  3.4275062e+000
  2.0000000e+000  3.1449277e+000  3.9765361e+000  3.5629188e+000  3.9686569e+000  3.5040614e+000  2.5110380e+000  2.9195767e+000  3.3415350e+000  3.0705182e+000  3.4791361e+000
  1.0000000e+000  3.4837661e+000  3.7246941e+000  2.5652412e+000  4.6672983e+000  3.6070715e+000  1.2066311e+000  2.0954801e+000  2.0630510e+000  1.6533414e+000  3.6208690e+000
  2.0000000e+000  3.3866087e+000  2.3782634e+000  3.4693466e+000  4.5139226e+000  2.2731375e+000  1.2382554e+000  2.2803305e+000  2.7232778e+000  3.2268468e+000  1.6799385e+000
  2.0000000e+000  2.9341755e+000  3.6333479e+000  1.8481852e+000  2.5332086e+000  1.3566289e+000  2.4023299e+000  1.7021335e+000  2.9907485e+000  3.4246332e+000  4.0385446e+000
  2.0000000e+000  4.3042651e+000  2.2363748e+000  3.9927899e+000  3.3203638e+000  2.9273191e+000  4.9258211e+000  2.5243315e+000  7.4590669e-001  3.8709101e+000  1.6062870e+000
  2.0000000e+000  2.3931937e+000  3.4999515e+000  4.7232936e+000  3.8612136e+000  4.8376019e+000  4.2353288e+000  2.2169657e+000  5.1198553e+000  4.1446611e+000  2.6837715e+000
  2.0000000e+000  3.6190805e+000  2.3288698e+000  2.5204252e+000  3.8108308e+000  4.0883603e+000  1.7665575e+000  2.0337832e+000  2.4001268e+000  4.6788345e+000  4.7788436e+000
  2.0000000e+000  3.9532352e+000  4.0713416e+000  3.7792134e+000  2.3357593e+000  2.6631041e+000  3.9388809e+000  4.0549480e+000  1.3046086e+000  3.6486907e+000  1.6197540e+000
  2.0000000e+000  2.9475379e+000  2.1204563e+000  2.9863034e+000  1.2315710e+000  1.1366048e+000  2.6152011e+000  2.2857215e+000  1.7468949e+000  2.5315434e+000  4.4516401e+000
  1.0000000e+000  2.8408554e+000  3.2464994e+000  4.3396826e+000  3.2945658e+000  2.5242510e+000  3.2489282e+000  3.7828315e+000  4.5472945e+000  2.3561482e+000  3.7890506e+000
  2.0000000e+000  3.9401265e+000  3.6333810e+000  1.3524243e+000  5.4427270e+000  3.1540183e+000  1.4181972e+000  3.9090989e+000  6.9720014e-001  3.8520128e+000  2.1106887e+000
  2.0000000e+000  1.9415441e+000  3.4549774e+000  3.2258208e+000  3.5545621e+000  3.3466509e+000  3.8619438e+000  3.4562570e+000  4.2295670e+000  2.6854852e+000  1.7841875e+000
  2.0000000e+000  3.0919917e+000  2.3122192e+000  3.5701109e+000  2.7461407e+000  2.9942981e+000  3.4051068e+000  2.4406810e+000  3.7258560e+000  4.3142093e+000  3.7591414e+000
  2.0000000e+000  4.0045165e+000  3.6699336e+000  2.8328433e+000  3.4036794e+000  3.3058555e+000  3.4825916e+000  8.7067295e-001  3.9881552e+000  2.6237889e+000  2.1794262e+000
  2.0000000e+000  3.6764638e+000  2.5757664e+000  3.6753805e+000  4.1131740e+000  3.0046420e+000  3.8435677e+000  2.7877371e+000  3.8368227e+000  4.9044644e+000  2.2896684e+000
  2.0000000e+000  2.8140034e+000  3.3776400e+000  3.0025395e+000  3.0835681e+000  3.5762125e+000  2.8525714e+000  1.3869730e+000  2.0537054e+000  3.6696650e+000  4.3165905e+000
  2.0000000e+000  1.4308282e+000  4.2615686e+000  3.5524116e+000  4.5004064e+000  1.6077950e+000  3.5906908e+000  4.1938419e+000  3.1126678e+000  2.9244743e+000  2.6748013e+000
  1.0000000e+000  1.7415304e+000  2.7089353e+000  2.2483393e+000  2.4684850e+000  2.9423516e+000  2.1714885e+000  4.3935065e+000  3.5647378e+000  3.2413986e+000  3.9424529e+000
  2.0000000e+000  3.1111257e+000  1.5918099e+000  1.3661320e+000  2.8609753e+000  2.2358747e+000  2.2745834e+000  2.9178127e+000  2.1513296e+000  2.5429030e+000  2.8608058e+000
  2.0000000e+000  2.5065006e+000  2.2111422e+000  2.9054083e+000  1.6554252e+000  2.7726135e+000  4.1663708e+000  3.0505711e+000  3.8961629e+000  2.4887690e+000  3.9765589e+000
  2.0000000e+000  3.6839535e+000  4.0135671e+000  2.0390449e+000  3.6714138e+000  4.3442426e+000  1.1020999e+000  2.8760447e+000  2.2960311e+000  1.4337261e+000  3.8872516e+000
  2.0000000e+000  2.7129176e+000  2.3826483e+000  2.1922893e+000  3.8181809e+000  3.3060440e+000  3.8457370e+000  3.5774781e+000  2.2760896e+000  1.7447916e+000  4.6303607e+000
  2.0000000e+000  2.6669319e+000  2.7485700e+000  4.4491426e+000  4.7426186e+000  2.2512658e+000  2.8396869e+000  3.0023656e+000  1.9644466e+000  3.2600693e+000  9.4415356e-001
  2.0000000e+000  3.4743326e+000  2.3247576e+000  1.8801598e+000  3.5384553e+000  1.6058573e+000  3.3666189e+000  3.4107859e+000  1.8471705e+000  3.9633538e+000  2.0488250e+000
  1.0000000e+000  2.1394558e+000  2.0670483e+000  4.0770766e+000  3.6262948e+000  2.1655327e+000  2.7315624e+000  3.1337488e+000  4.9405555e+000  3.5056874e+000  3.1842242e+000
  1.0000000e+000  4.1219213e+000  3.3447833e+000  5.0163128e+000  3.5159733e+000  1.5776646e+000  3.5112332e+000  6.7059661e+000  3.3100046e+000  3.1025443e+000  3.3964806e+000
  2.0000000e+000  3.2000650e+000  3.1496243e+000  3.8787803e+000  3.8491931e+000  2.2308842e+000  4.0179367e+000  2.1002879e+000  4.9265690e+000  3.5550926e+000  2.7097979e+000
  2.0000000e+000  4.2210300e+000  1.5801253e+000  2.5363475e+000  4.8992253e+000  3.0231320e+000  2.2848234e+000  1.9534285e+000  5.1994654e+000  3.0754987e+000  2.5474055e+000
  2.0000000e+000  2.6676626e+000  3.2216996e+000  2.7402122e+000  3.7931768e+000  2.3109894e+000  3.1030085e+000  1.5435096e+000  1.2824772e+000  4.5197379e+000  1.7747544e+000
  2.0000000e+000  3.8753508e+000  5.1575864e+000  2.9440275e+000  2.8035774e+000  5.7149439e+000  1.5401381e+000  5.0318699e+000  1.0765066e+000  8.0980715e-001  3.5029175e+000
  1.0000000e+000  4.2054940e+000  2.2294922e+000  3.9754657e+000  1.3604836e+000  5.2826116e+000  3.7297589e+000  4.1150647e+000  2.8183954e+000  4.6727723e+000  3.2292651e+000
  2.0000000e+000  3.3813929e+000  3.6858912e+000  1.4450321e+000  3.6838970e+000  2.2850378e+000  2.4339797e+000  2.4027633e+000  3.6293975e+000  2.1547654e+000  1.5566373e+000
  2.0000000e+000  3.1031052e+000  4.1231599e+000  4.4958084e+000  2.7008098e+000  3.8167662e+000  2.8957846e+000  3.2320815e+000  5.8710527e+000  2.7325905e+000  4.0877079e+000
  2.0000000e+000  3.1107954e+000  3.1227202e+000  3.4390628e+000  2.5616698e+000  2.4882392e+000  1.9083533e+000  1.3116238e+000  2.6285896e+000  2.2758582e+000  1.6336565e+000
  2.0000000e+000  3.2499051e+000  3.6741665e+000  5.2049001e+000  1.3031993e+000  1.7761725e+000  3.4098382e+000  2.4171104e+000  4.4659211e+000  5.3837368e+000  2.6421453e+000
  1.0000000e+000  3.6149793e+000  2.4410011e+000  2.4178555e+000  2.1936774e+000  2.1174274e+000  3.8899279e+000  1.7293856e+000  3.1222308e+000  4.4950147e+000  3.4170757e+000
  2.0000000e+000  4.7213275e+000  2.9731718e+000  4.2091745e+000  2.8733439e+000  4.1297554e+000  3.4025373e+000  3.2005680e+000  2.8575956e+000  4.1347875e+000  1.6540025e+000
  2.0000000e+000  5.8207132e-001  4.0690567e+000  4.6597738e+000  3.0398558e+000  1.2684904e+000  3.2708794e+000  2.0807009e+000  1.5038764e+000  3.2889190e+000  1.9369798e+000
  2.0000000e+000  3.9540747e+000  4.3058174e+000  3.4199488e+000  2.4393001e+000  4.4458620e+000  4.0197534e+000  3.8848562e+000  1.7735911e+000  4.8089772e+000  2.8462235e+000
  1.0000000e+000  3.3006236e+000  3.0778775e+000  1.5651226e+000  2.4432255e+000  2.8615167e+000  3.7682472e+000  4.3586195e+000  5.7194727e+000  3.0278619e+000  3.1878244e+000
  1.0000000e+000  2.9935120e+000  2.9068668e+000  9.1303660e-001  1.4554543e+000  1.8490886e+000  4.6951445e+000  2.5915436e+000  1.8569226e+000  2.8817103e+000  3.1455968e+000
  2.0000000e+000  3.4804338e+000  4.7483500e+000  5.2009119e+000  2.5633731e+000  2.5058054e+000  2.8631512e+000  2.9972671e+000  1.7169472e+000  2.5312057e+000  2.4603945e+000
  2.0000000e+000  1.5956665e+000  1.3868666e+000  3.7817335e+000  3.5177367e+000  2.2854244e+000  3.7042427e+000  4.0205761e+000  3.3206985e+000  3.5949974e+000  2.4639163e+000
  1.0000000e+000  1.6360074e+000  2.8680469e+000  2.9676773e+000  2.6648360e+000  3.7272077e+000  1.5725995e+000  2.1375248e+000  2.9264801e+000  2.6023400e+000  3.2113253e+000
  2.0000000e+000  4.7003019e+000  2.2287741e+000  3.5824697e+000  2.3250739e+000  3.7265067e+000  1.6983548e+000  1.1254978e+000  2.5063076e+000  2.4380654e+000  2.8574075e+000
  2.0000000e+000  1.7362427e+000  3.1929726e+000  2.7517394e+000  2.5091064e+000  4.7365454e+000  3.0670356e+000  2.6534967e+000  2.4874589e+000  3.0337563e+000  2.9003935e+000
  2.0000000e+000  1.9069097e+000  2.6783978e+000  4.3292344e+000  3.3645670e+000  4.3821734e+000  1.1499590e+000  3.2822731e+000  5.1303231e+000  2.4744305e+000  2.7916415e+000
  2.0000000e+000  3.0950700e+000  2.8431176e+000  2.4804259e+000  5.3082516e-001  4.0877644e+000  2.3573502e+000  3.2990853e+000  4.2126877e+000  2.9702331e+000  1.1746552e+000
  2.0000000e+000  3.3881424e+000  3.1526434e+000  4.0168980e+000  1.7911155e+000  4.4496128e+000  2.3520545e+000  3.0354217e+000  3.2189552e+000  3.7269340e+000  2.6814030e+000
  2.0000000e+000  3.7246890e+000  2.3300586e+000  2.5731023e+000  3.0770428e+000  4.8166790e+000  1.6960611e+000  2.5545609e+000  2.5660265e+000  3.0554627e+000  1.6176915e+000
  2.0000000e+000  2.8742395e+000  3.4365808e+000  2.5634385e+000  4.3346203e+000  3.1291679e+000  3.5197620e+000  4.0725566e+000  2.7651326e+000  2.1081773e+000  4.3347869e+000
  2.0000000e+000  3.2888177e+000  3.3036935e+000  3.7083040e+000  2.5723604e+000  3.7866037e+000  4.4371644e+000  3.8488320e-001  4.1449367e+000  1.4405457e+000  2.9133685e+000
  2.0000000e+000  2.9545053e+000  3.1536871e+000  2.3386679e+000  3.5169056e+000  4.7765572e+000  3.3278324e+000  3.2186260e+000  2.6540573e+000  4.3201223e+000  2.9983316e+000
  2.0000000e+000  2.8540514e+000  4.5957276e+000  3.9436256e+000  1.7621255e+000  2.5615318e+000  1.4560880e+000  2.8187633e+000  3.2518964e+000  3.2350419e+000  2.7098143e+000
  2.0000000e+000  3.8665513e+000  3.8901248e+000  2.1503594e+000  5.6057480e+000  3.3930707e+000  3.1561482e+000  3.9279819e+000  4.2567029e+000  3.3679832e+000  2.6469088e+000
  1.0000000e+000  4.0355348e+000  2.9710977e+000  3.7057763e+000  2.2196257e+000  2.3563689e+000  4.3832756e+000  3.0816043e+000  2.5160159e+000  1.3564855e+000  3.1940476e+000
  2.0000000e+000  3.2325517e+000  1.1377577e+000  3.5374254e+000  2.8900422e+000  3.7406565e+000  2.8473076e+000  2.2228962e+000  2.9152224e+000  2.3031567e+000  2.4562831e+000
  2.0000000e+000  4.1295139e+000  4.7864975e+000  4.5515882e+000  3.4452864e+000  2.2211260e+000  3.5371694e+000  3.0581692e+000  2.0856528e+000  1.6711736e+000  4.1284057e+000
  2.0000000e+000  3.4574306e+000  4.1133153e+000  3.2282923e+000  3.3455257e+000  3.6031697e+000  3.1079770e+000  3.2284148e+000  1.8922382e+000  3.1452175e+000  2.7315600e+000
  2.0000000e+000  4.2964133e+000  2.9996835e+000  2.9372809e+000  2.6913590e+000  4.3633470e+000  4.0900591e+000  3.1290047e+000  2.4931808e+000  3.1531360e+000  4.8323292e+000
  2.0000000e+000  4.1892869e+000  2.6491329e+000  1.9740674e+000  2.9584740e+000  3.1417258e+000  2.6500546e+000  2.8761766e+000  1.5650732e+000  3.2473284e+000  1.9878204e+000
  2.0000000e+000  2.5444091e+000  2.9343309e+000  4.2178764e+000  4.3183770e+000  2.7984488e+000  3.4504394e+000  3.0216289e+000  2.7919232e+000  3.0143170e+000  2.3396435e+000
  2.0000000e+000  2.4384382e+000  2.1285811e+000  3.3382523e+000  4.2019544e+000  4.4327376e+000  2.3602965e+000  2.5631373e+000  3.8161935e+000  2.1475901e+000  5.9976243e+000
  2.0000000e+000  1.8133012e+000  3.9732309e+000  2.9164215e+000  2.2967762e+000  3.3887096e+000  2.8319419e+000  2.2009829e+000  4.6492890e+000  1.2089564e+000  3.4806435e+000
  2.0000000e+000  2.9267508e+000  3.4486741e+000  1.5592136e+000  4.9970957e+000  1.7471083e+000  4.0361885e+000  1.5729051e+000  4.2931724e+000  2.3174998e+000  1.8694123e+000
  2.0000000e+000  2.7598369e+000  4.0134861e+000  4.6351428e+000  1.9039806e+000  4.0725092e+000  3.3512552e+000  4.3708423e+000  2.4520051e+000  3.1590157e+000  3.8820096e+000
  2.0000000e+000  2.7695994e+000  1.9707802e+000  2.5197123e+000  4.5422558e+000  3.9048356e+000  3.3015415e+000  2.1722552e+000  3.7643490e+000  3.3127358e+000  1.3612960e+000
  2.0000000e+000  2.7883611e+000  1.7438065e+000  1.8774559e+000  2.4889982e+000  5.6967441e+000  3.9638085e+000  4.7445454e+000  3.9916763e+000  1.5636803e+000  2.6742394e+000
  2.0000000e+000  4.7919032e+000  2.7165833e+000  3.1720484e+000  2.7300246e+000  2.9697592e+000  1.0774195e+000  4.3154988e+000  2.7232182e+000  2.1670980e+000  2.5360778e+000
  2.0000000e+000  4.5039197e+000  3.2008818e+000  2.8432731e+000  2.7270923e+000  1.7652613e+000  1.8024332e+000  3.4265200e+000  3.1595295e+000  3.1418452e+000  1.9919427e+000
  1.0000000e+000  4.0620220e+000  2.5257706e+000  3.1481156e+000  2.7097033e+000  3.3482105e+000  2.8871354e+000  3.6928890e+000  4.1626310e+000  2.2904900e+000  3.3434293e+000
  2.0000000e+000  8.6718647e-001  3.9577586e+000  2.2866992e+000  4.4623923e+000  4.3594140e+000  2.6962946e+000  1.8337312e+000  3.5619168e+000  2.1780674e+000  4.2663646e+000
  2.0000000e+000  3.0869695e+000  1.5595922e+000  3.7990416e+000  2.0273685e+000  3.0566354e+000  3.0533097e+000  4.7840085e+000  3.2029891e+000  4.3292384e+000  4.0219473e+000
  2.0000000e+000  3.5271209e+000  5.3659938e+000  4.1030815e+000  3.8619727e+000  2.9454909e+000  3.5644898e+000  2.3158142e+000  2.8822677e+000  2.9483809e+000  1.9823346e+000
  2.0000000e+000  2.3295909e+000  3.8686935e+000  3.2197870e+000  2.2727864e+000  4.0201561e+000  2.0410984e+000  3.1954876e+000  2.5104517e+000  5.0376236e+000  1.7416649e+000
  2.0000000e+000  3.5905665e+000  2.4144033e+000  3.4981743e+000  4.1732329e+000  4.8829811e+000  3.2903886e+000  4.0046975e+000  2.7814480e+000  1.9534780e+000  4.2000463e+000
  1.0000000e+000  3.5804631e+000  3.0094782e+000  4.1441142e+000  2.1117232e+000  4.8701389e+000  2.7693682e+000  3.5786788e+000  4.4730731e+000  2.4405213e+000  3.8204406e+000
  2.0000000e+000  1.9925934e+000  5.3395261e+000  3.8760149e+000  1.4816623e+000  1.4122569e+000  4.4381763e+000  3.1074362e+000  4.1004807e+000  3.7718203e+000  3.2832976e+000
  2.0000000e+000  2.8573857e+000  3.5966814e+000  6.2904382e-001  2.8499894e+000  3.3096319e+000  1.5701529e+000  5.2521970e+000  4.6735229e+000  3.0859061e+000  2.8429300e+000
  2.0000000e+000  5.6238007e+000  3.5389078e+000  2.2123443e+000  3.1675344e+000  3.2374746e+000  2.8827127e+000  3.3455906e+000  1.1495131e+000  2.4762326e+000  1.6286877e+000
